                   
 11111111 11111111 
 2  1   1 1   1  2 
 11111111111111111 
 1  1 1     1 1  1 
 1111 111 111 1111 
    1   3 3   1    
    1 3333333 1    
    1 3  4  3 1    
3333133 444 3313333
    1 3     3 1    
    1 3333333 1    
    1 3     3 1    
 11111111 11111111 
 1  1   1 1   1  1 
 21 11111511111 12 
  1 1 1     1 1 1  
 1111 111 111 1111 
 1      1 1      1 
 11111111111111111 
                   

space = wall/void
1 = pellet
2 = big pellet
3 = empty pathway
4 = ghost territory (includes door)
5 = pac man himself